22195666
22373153
22217211
22229400
22200459
22213469
22212419
22246325
22291013
22220606
22235110
22196877
22227911
22229494
22384826
22198823
22230627
22194150
22440470
22554303
22200041
22193376
22196723
22513474
22368389
22202782
22219607
22229332
22213604
22213079
22270837
22213083
22213626
22213453
22203939
22221142
22201064
22201085
22198089
22223753
22204047
22198825
22271439
22239283
22235327
22220158
22274342
22201970
22554847
22197152
22199749
22194062
22220466
22204437
22194365
22207464
22230272
22216493
22199254
22298331
22232869
22287353
22197314
22198463
22211285
22213321
